msll 2.745578
smse: 0.002037

mse: 0.162348
mean_ad: 0.182889
median_ad: 0.085758
model lp -3003.224639
