{
 "cells": [
  {
   "cell_type": "code",
   "execution_count": 1,
   "metadata": {
    "collapsed": false
   },
   "outputs": [],
   "source": [
    "from sigvisa.models.spatial_regression.multi_shared_bcm import MultiSharedBCM, Blocker, sample_synthetic, vis\n",
    "#from sigvisa.models.spatial_regression.local_regression import LocalGPs, BCM, MultiGPLVM\n",
    "\n",
    "from sigvisa.treegp.gp import GPCov, GP, mcov, prior_sample, dgaussian\n",
    "import scipy.stats\n",
    "import scipy.optimize\n",
    "import time"
   ]
  },
  {
   "cell_type": "code",
   "execution_count": 2,
   "metadata": {
    "collapsed": false
   },
   "outputs": [],
   "source": [
    "noise_var=0.01\n",
    "X, Y, cov = sample_synthetic(n=400, noise_var=noise_var, yd=10)"
   ]
  },
  {
   "cell_type": "code",
   "execution_count": 11,
   "metadata": {
    "collapsed": false
   },
   "outputs": [],
   "source": [
    "pts = np.linspace(0, 1, 9)[1::2]\n",
    "centers = [np.array((xx, yy)) for xx in pts for yy in pts]\n",
    "\n",
    "b = Blocker(centers)\n",
    "SX, SY, perm, block_boundaries = b.sort_by_block(X, Y)\n",
    "YY = np.dot(SY, SY.T)"
   ]
  },
  {
   "cell_type": "code",
   "execution_count": 12,
   "metadata": {
    "collapsed": false
   },
   "outputs": [],
   "source": [
    "mbcm = MultiSharedBCM(SX, Y=SY, block_boundaries=block_boundaries, cov=cov, noise_var=noise_var, kernelized=False)\n",
    "mbcmk = MultiSharedBCM(SX, Y=YY, block_boundaries=block_boundaries, cov=cov, noise_var=noise_var, kernelized=True, dy=10)"
   ]
  },
  {
   "cell_type": "code",
   "execution_count": 13,
   "metadata": {
    "collapsed": false
   },
   "outputs": [
    {
     "name": "stdout",
     "output_type": "stream",
     "text": [
      "(-557.68437488450945, array([], dtype=float64))\n",
      "(-1717.9629294583647, array([], dtype=float64))\n"
     ]
    }
   ],
   "source": [
    "print mbcm.llgrad(grad_X=False)\n",
    "print mbcmk.llgrad()"
   ]
  },
  {
   "cell_type": "code",
   "execution_count": 15,
   "metadata": {
    "collapsed": false
   },
   "outputs": [
    {
     "name": "stdout",
     "output_type": "stream",
     "text": [
      "(-131.89547469593759, array([], dtype=float64))\n",
      "(-91.293088227403217, array([], dtype=float64))\n"
     ]
    }
   ],
   "source": [
    "print mbcmk.llgrad_unary(0)\n",
    "print mbcm.llgrad_unary(0)"
   ]
  },
  {
   "cell_type": "code",
   "execution_count": 17,
   "metadata": {
    "collapsed": false
   },
   "outputs": [
    {
     "name": "stdout",
     "output_type": "stream",
     "text": [
      "[[  9.14443265e+00   8.44102008e-01   3.91799597e+00   6.28068437e+00\n",
      "    3.64102719e+00  -7.30117297e+00  -2.97623292e-01   2.96617300e-01\n",
      "    1.88225239e+00  -7.80582038e+00   8.13418558e+00   7.51104787e+00\n",
      "    8.92972963e+00   1.73750691e+00   3.68731335e+00   1.79294619e+00\n",
      "   -4.81260878e+00  -7.61313645e+00   6.03389688e+00   7.26791758e-01\n",
      "    1.98230811e+00  -1.31276256e+00  -5.70767849e+00   2.70162004e+00\n",
      "    8.45401778e+00  -3.54858627e-01   1.45962069e+00]\n",
      " [  8.44102008e-01   3.93386553e+00  -2.06310997e+00   3.05337489e+00\n",
      "   -3.11477036e+00   3.35026814e+00  -3.18305582e-01  -1.19371779e+00\n",
      "    4.08435562e-01   2.09192871e+00   2.97936822e+00   2.25140637e+00\n",
      "   -1.26233832e-01  -3.26096975e+00   2.64875466e+00   7.15960095e-01\n",
      "    4.40023485e+00   4.01820961e+00  -1.13453791e+00  -1.27529229e-01\n",
      "    1.34244960e+00  -1.88160468e+00   4.41623292e+00   3.70283249e+00\n",
      "    1.45784285e+00   3.92033574e+00  -2.56013117e-01]\n",
      " [  3.91799597e+00  -2.06310997e+00   9.87796774e+00   2.03147422e-01\n",
      "    8.59376646e+00  -6.27309399e+00   1.71125161e+00   4.51326200e+00\n",
      "    3.53202938e+00  -5.79652554e+00   1.04338184e+00  -2.95010346e+00\n",
      "    5.81833670e+00   8.12631453e+00   4.15413863e-01   5.81523170e-01\n",
      "   -7.27951388e+00  -7.40185231e+00   8.71869581e+00   5.75337018e+00\n",
      "    2.57091138e+00   4.16074452e+00  -7.82722404e+00  -6.82372183e-01\n",
      "   -1.37010185e+00  -4.03859804e+00   4.48433678e+00]\n",
      " [  6.28068437e+00   3.05337489e+00   2.03147422e-01   8.63808585e+00\n",
      "   -3.83986853e-02  -1.85165703e-01   4.49401745e-02  -6.70943549e-02\n",
      "   -3.41927322e-01  -1.58332672e+00   9.59568257e+00   7.86593490e+00\n",
      "    4.69422945e+00  -1.55612446e+00   5.17953723e+00   2.54286721e+00\n",
      "    6.16976353e-01  -3.77293609e-01   2.23240250e+00  -1.59450059e+00\n",
      "    2.80071858e+00  -1.93579863e+00   3.85798716e-01   4.04670625e+00\n",
      "    6.51753192e+00   2.24900040e+00  -9.01765775e-01]\n",
      " [  3.64102719e+00  -3.11477036e+00   8.59376646e+00  -3.83986853e-02\n",
      "    1.31915095e+01  -4.05760103e+00   4.41486071e+00   7.56218942e+00\n",
      "   -2.31868034e+00  -3.41558663e+00   7.12515440e-01  -3.43870639e+00\n",
      "    4.42473243e+00   1.33932590e+01  -9.67982281e-04  -1.35492504e+00\n",
      "   -6.55267712e+00  -5.67279867e+00   7.72826515e+00  -5.10133111e-01\n",
      "    1.42136225e+00   7.90738263e+00  -7.16560854e+00  -2.09333300e+00\n",
      "   -2.36094830e+00  -5.62292018e+00  -1.46722808e+00]\n",
      " [ -7.30117297e+00   3.35026814e+00  -6.27309399e+00  -1.85165703e-01\n",
      "   -4.05760103e+00   1.65729433e+01   3.07964811e+00   1.81402750e+00\n",
      "   -5.59418360e+00   1.45507739e+01  -2.33993250e+00  -4.85525978e+00\n",
      "   -9.27398298e+00  -1.24915648e+00   8.07032664e-01  -3.08818939e+00\n",
      "    1.17303098e+01   1.58778276e+01  -6.25368020e+00  -5.65508804e+00\n",
      "   -1.36921898e+00   2.68487520e+00   1.30971079e+01   7.58386266e-01\n",
      "   -7.13277875e+00   4.38328694e+00  -5.91941875e+00]\n",
      " [ -2.97623292e-01  -3.18305582e-01   1.71125161e+00   4.49401745e-02\n",
      "    4.41486071e+00   3.07964811e+00   5.91056140e+00   6.48023412e+00\n",
      "   -4.17463802e+00   2.17146047e+00   7.36578720e-02  -1.81868387e+00\n",
      "   -8.16367130e-01   7.01377438e+00   1.03919482e+00  -4.05106310e+00\n",
      "    1.79106361e+00   3.22782409e+00   2.41505092e+00  -4.20134644e+00\n",
      "   -3.24732976e+00   5.98387392e+00   1.78607232e+00  -1.23863261e+00\n",
      "   -1.70774530e+00  -3.80105102e-01  -4.16691068e+00]\n",
      " [  2.96617300e-01  -1.19371779e+00   4.51326200e+00  -6.70943549e-02\n",
      "    7.56218942e+00   1.81402750e+00   6.48023412e+00   8.13172985e+00\n",
      "   -3.44676984e+00   1.27702581e+00   7.77516449e-02  -3.49771869e+00\n",
      "    2.45179087e-01   1.00159176e+01   8.85910330e-01  -3.95715956e+00\n",
      "   -4.45644267e-01   1.24902766e+00   4.44602518e+00  -2.66397996e+00\n",
      "   -2.10310375e+00   7.80548907e+00  -6.12467042e-01  -1.64335733e+00\n",
      "   -2.93801930e+00  -1.96439462e+00  -3.08862897e+00]\n",
      " [  1.88225239e+00   4.08435562e-01   3.53202938e+00  -3.41927322e-01\n",
      "   -2.31868034e+00  -5.59418360e+00  -4.17463802e+00  -3.44676984e+00\n",
      "    1.05613873e+01  -4.57028895e+00   3.31822301e-01  -9.47562166e-01\n",
      "    3.77939447e+00  -3.66850958e+00  -5.75529402e-01   1.64280711e+00\n",
      "   -4.26764913e+00  -6.61295167e+00   2.20606826e+00   1.12429666e+01\n",
      "    3.02423496e+00  -3.30337031e+00  -4.91656064e+00   2.06717728e+00\n",
      "    2.03347760e+00   5.03661736e-01   1.05637820e+01]\n",
      " [ -7.80582038e+00   2.09192871e+00  -5.79652554e+00  -1.58332672e+00\n",
      "   -3.41558663e+00   1.45507739e+01   2.17146047e+00   1.27702581e+00\n",
      "   -4.57028895e+00   1.33896749e+01  -3.67746302e+00  -5.80745103e+00\n",
      "   -9.32062093e+00  -9.97006778e-01  -5.16139049e-01  -2.76563646e+00\n",
      "    9.70866517e+00   1.36203809e+01  -6.55955787e+00  -4.31094131e+00\n",
      "   -1.03965592e+00   2.60965085e+00   1.09216240e+01  -1.44292363e-01\n",
      "   -7.60107164e+00   3.04828637e+00  -4.70602318e+00]\n",
      " [  8.13418558e+00   2.97936822e+00   1.04338184e+00   9.59568257e+00\n",
      "    7.12515440e-01  -2.33993250e+00   7.36578720e-02   7.77516449e-02\n",
      "    3.31822301e-01  -3.67746302e+00   1.10400735e+01   9.48010700e+00\n",
      "    6.59342506e+00  -1.08776727e+00   5.68381292e+00   2.67403174e+00\n",
      "   -7.11245211e-01  -2.44815203e+00   3.49416636e+00  -1.21067568e+00\n",
      "    2.81829923e+00  -2.12640870e+00  -1.21103031e+00   4.38090747e+00\n",
      "    8.54059751e+00   2.04018309e+00  -3.38357724e-01]\n",
      " [  7.51104787e+00   2.25140637e+00  -2.95010346e+00   7.86593490e+00\n",
      "   -3.43870639e+00  -4.85525978e+00  -1.81868387e+00  -3.49771869e+00\n",
      "   -9.47562166e-01  -5.80745103e+00   9.48010700e+00   1.29341233e+01\n",
      "    5.80576560e+00  -5.58161791e+00   4.15746578e+00   3.32340717e+00\n",
      "   -2.64945366e-01  -3.12529076e+00   5.90732990e-01  -3.69441187e+00\n",
      "    2.81310344e-01  -5.75257345e+00  -7.06626599e-01   3.18894031e+00\n",
      "    1.13978559e+01   2.49435519e+00  -1.93636522e+00]\n",
      " [  8.92972963e+00  -1.26233832e-01   5.81833670e+00   4.69422945e+00\n",
      "    4.42473243e+00  -9.27398298e+00  -8.16367130e-01   2.45179087e-01\n",
      "    3.77939447e+00  -9.32062093e+00   6.59342506e+00   5.80576560e+00\n",
      "    9.58755256e+00   2.40273148e+00   2.70040408e+00   1.87477280e+00\n",
      "   -6.82591083e+00  -9.78272360e+00   7.28094519e+00   3.25442993e+00\n",
      "    2.19833563e+00  -1.12513041e+00  -7.79636886e+00   1.96964078e+00\n",
      "    7.49658644e+00  -1.45773255e+00   3.64318440e+00]\n",
      " [  1.73750691e+00  -3.26096975e+00   8.12631453e+00  -1.55612446e+00\n",
      "    1.33932590e+01  -1.24915648e+00   7.01377438e+00   1.00159176e+01\n",
      "   -3.66850958e+00  -9.97006778e-01  -1.08776727e+00  -5.58161791e+00\n",
      "    2.40273148e+00   1.55873555e+01  -4.71326241e-01  -4.03104622e+00\n",
      "   -4.24263374e+00  -2.67339910e+00   7.47423549e+00  -1.98498057e+00\n",
      "   -1.04824637e+00   1.05288559e+01  -4.76444347e+00  -3.04898708e+00\n",
      "   -4.08126955e+00  -4.98686352e+00  -2.87909396e+00]\n",
      " [  3.68731335e+00   2.64875466e+00   4.15413863e-01   5.17953723e+00\n",
      "   -9.67982281e-04   8.07032664e-01   1.03919482e+00   8.85910330e-01\n",
      "   -5.75529402e-01  -5.16139049e-01   5.68381292e+00   4.15746578e+00\n",
      "    2.70040408e+00  -4.71326241e-01   3.81848548e+00   6.40183817e-01\n",
      "    1.37191109e+00   9.27999050e-01   1.81437973e+00  -1.32948493e+00\n",
      "    1.09632302e+00  -5.53771889e-01   1.25519537e+00   2.94929446e+00\n",
      "    3.43592950e+00   2.04098018e+00  -1.01998619e+00]\n",
      " [  1.79294619e+00   7.15960095e-01   5.81523170e-01   2.54286721e+00\n",
      "   -1.35492504e+00  -3.08818939e+00  -4.05106310e+00  -3.95715956e+00\n",
      "    1.64280711e+00  -2.76563646e+00   2.67403174e+00   3.32340717e+00\n",
      "    1.87477280e+00  -4.03104622e+00   6.40183817e-01   5.84341308e+00\n",
      "   -1.75109712e+00  -2.37744953e+00   2.37009679e-01   2.51172070e+00\n",
      "    4.71534266e+00  -4.26097052e+00  -1.68317173e+00   1.63845042e+00\n",
      "    1.25192598e+00  -8.74151658e-02   1.99387139e+00]\n",
      " [ -4.81260878e+00   4.40023485e+00  -7.27951388e+00   6.16976353e-01\n",
      "   -6.55267712e+00   1.17303098e+01   1.79106361e+00  -4.45644267e-01\n",
      "   -4.26764913e+00   9.70866517e+00  -7.11245211e-01  -2.64945366e-01\n",
      "   -6.82591083e+00  -4.24263374e+00   1.37191109e+00  -1.75109712e+00\n",
      "    1.13411361e+01   1.30939018e+01  -5.98522480e+00  -5.23820539e+00\n",
      "   -1.95683564e+00  -4.05277167e-01   1.21574794e+01   2.17389599e+00\n",
      "   -2.48142816e+00   5.99929389e+00  -5.08661039e+00]\n",
      " [ -7.61313645e+00   4.01820961e+00  -7.40185231e+00  -3.77293609e-01\n",
      "   -5.67279867e+00   1.58778276e+01   3.22782409e+00   1.24902766e+00\n",
      "   -6.61295167e+00   1.36203809e+01  -2.44815203e+00  -3.12529076e+00\n",
      "   -9.78272360e+00  -2.67339910e+00   9.27999050e-01  -2.37744953e+00\n",
      "    1.30939018e+01   1.69517350e+01  -6.76643811e+00  -6.77566506e+00\n",
      "   -2.21687079e+00   1.63694375e+00   1.44630548e+01   9.85250416e-01\n",
      "   -6.41944402e+00   5.39884318e+00  -7.06657967e+00]\n",
      " [  6.03389688e+00  -1.13453791e+00   8.71869581e+00   2.23240250e+00\n",
      "    7.72826515e+00  -6.25368020e+00   2.41505092e+00   4.44602518e+00\n",
      "    2.20606826e+00  -6.55955787e+00   3.49416636e+00   5.90732990e-01\n",
      "    7.28094519e+00   7.47423549e+00   1.81437973e+00   2.37009679e-01\n",
      "   -5.98522480e+00  -6.76643811e+00   9.23028305e+00   3.31458611e+00\n",
      "    1.34071953e+00   3.40643760e+00  -6.58507304e+00   8.38266999e-02\n",
      "    1.91095538e+00  -2.73142517e+00   2.73108967e+00]\n",
      " [  7.26791758e-01  -1.27529229e-01   5.75337018e+00  -1.59450059e+00\n",
      "   -5.10133111e-01  -5.65508804e+00  -4.20134644e+00  -2.66397996e+00\n",
      "    1.12429666e+01  -4.31094131e+00  -1.21067568e+00  -3.69441187e+00\n",
      "    3.25442993e+00  -1.98498057e+00  -1.32948493e+00   2.51172070e+00\n",
      "   -5.23820539e+00  -6.77566506e+00   3.31458611e+00   1.32949463e+01\n",
      "    4.48572773e+00  -2.15498460e+00  -5.78425242e+00   1.57179609e+00\n",
      "   -1.02292015e+00  -6.31317930e-01   1.17389185e+01]\n",
      " [  1.98230811e+00   1.34244960e+00   2.57091138e+00   2.80071858e+00\n",
      "    1.42136225e+00  -1.36921898e+00  -3.24732976e+00  -2.10310375e+00\n",
      "    3.02423496e+00  -1.03965592e+00   2.81829923e+00   2.81310344e-01\n",
      "    2.19833563e+00  -1.04824637e+00   1.09632302e+00   4.71534266e+00\n",
      "   -1.95683564e+00  -2.21687079e+00   1.34071953e+00   4.48572773e+00\n",
      "    6.35625249e+00  -1.89470817e+00  -2.08943933e+00   2.66696545e+00\n",
      "   -6.26690337e-01  -2.24437155e-01   3.38215486e+00]\n",
      " [ -1.31276256e+00  -1.88160468e+00   4.16074452e+00  -1.93579863e+00\n",
      "    7.90738263e+00   2.68487520e+00   5.98387392e+00   7.80548907e+00\n",
      "   -3.30337031e+00   2.60965085e+00  -2.12640870e+00  -5.75257345e+00\n",
      "   -1.12513041e+00   1.05288559e+01  -5.53771889e-01  -4.26097052e+00\n",
      "   -4.05277167e-01   1.63694375e+00   3.40643760e+00  -2.15498460e+00\n",
      "   -1.89470817e+00   8.33085948e+00  -5.07278073e-01  -2.41839489e+00\n",
      "   -4.85231230e+00  -2.54195215e+00  -2.80980678e+00]\n",
      " [ -5.70767849e+00   4.41623292e+00  -7.82722404e+00   3.85798716e-01\n",
      "   -7.16560854e+00   1.30971079e+01   1.78607232e+00  -6.12467042e-01\n",
      "   -4.91656064e+00   1.09216240e+01  -1.21103031e+00  -7.06626599e-01\n",
      "   -7.79636886e+00  -4.76444347e+00   1.25519537e+00  -1.68317173e+00\n",
      "    1.21574794e+01   1.44630548e+01  -6.58507304e+00  -5.78425242e+00\n",
      "   -2.08943933e+00  -5.07278073e-01   1.32140074e+01   1.89080362e+00\n",
      "   -3.37875161e+00   6.09893035e+00  -5.65698314e+00]\n",
      " [  2.70162004e+00   3.70283249e+00  -6.82372183e-01   4.04670625e+00\n",
      "   -2.09333300e+00   7.58386266e-01  -1.23863261e+00  -1.64335733e+00\n",
      "    2.06717728e+00  -1.44292363e-01   4.38090747e+00   3.18894031e+00\n",
      "    1.96964078e+00  -3.04898708e+00   2.94929446e+00   1.63845042e+00\n",
      "    2.17389599e+00   9.85250416e-01   8.38266999e-02   1.57179609e+00\n",
      "    2.66696545e+00  -2.41839489e+00   1.89080362e+00   4.24034450e+00\n",
      "    2.93251829e+00   3.29296891e+00   1.43374646e+00]\n",
      " [  8.45401778e+00   1.45784285e+00  -1.37010185e+00   6.51753192e+00\n",
      "   -2.36094830e+00  -7.13277875e+00  -1.70774530e+00  -2.93801930e+00\n",
      "    2.03347760e+00  -7.60107164e+00   8.54059751e+00   1.13978559e+01\n",
      "    7.49658644e+00  -4.08126955e+00   3.43592950e+00   1.25192598e+00\n",
      "   -2.48142816e+00  -6.41944402e+00   1.91095538e+00  -1.02292015e+00\n",
      "   -6.26690337e-01  -4.85231230e+00  -3.37875161e+00   2.93251829e+00\n",
      "    1.23554443e+01   1.90329084e+00   8.95046323e-01]\n",
      " [ -3.54858627e-01   3.92033574e+00  -4.03859804e+00   2.24900040e+00\n",
      "   -5.62292018e+00   4.38328694e+00  -3.80105102e-01  -1.96439462e+00\n",
      "    5.03661736e-01   3.04828637e+00   2.04018309e+00   2.49435519e+00\n",
      "   -1.45773255e+00  -4.98686352e+00   2.04098018e+00  -8.74151658e-02\n",
      "    5.99929389e+00   5.39884318e+00  -2.73142517e+00  -6.31317930e-01\n",
      "   -2.24437155e-01  -2.54195215e+00   6.09893035e+00   3.29296891e+00\n",
      "    1.90329084e+00   4.96042860e+00  -3.44435844e-01]\n",
      " [  1.45962069e+00  -2.56013117e-01   4.48433678e+00  -9.01765775e-01\n",
      "   -1.46722808e+00  -5.91941875e+00  -4.16691068e+00  -3.08862897e+00\n",
      "    1.05637820e+01  -4.70602318e+00  -3.38357724e-01  -1.93636522e+00\n",
      "    3.64318440e+00  -2.87909396e+00  -1.01998619e+00   1.99387139e+00\n",
      "   -5.08661039e+00  -7.06657967e+00   2.73108967e+00   1.17389185e+01\n",
      "    3.38215486e+00  -2.80980678e+00  -5.65698314e+00   1.43374646e+00\n",
      "    8.95046323e-01  -3.44435844e-01   1.08377084e+01]]\n"
     ]
    }
   ],
   "source": [
    "i_start, i_end = mbcm.block_boundaries[0]\n",
    "bYY = mbcmk.YY[i_start:i_end, i_start:i_end]\n",
    "bY = mbcm.Y[i_start:i_end]\n",
    "bYYb = np.dot(bY, bY.T)\n",
    "print bYY\n",
    "print b"
   ]
  },
  {
   "cell_type": "code",
   "execution_count": 26,
   "metadata": {
    "collapsed": false
   },
   "outputs": [],
   "source": [
    "from sigvisa.models.spatial_regression.local_regression import LocalGPs, BCM, MultiGPLVM\n",
    "\n",
    "lscale=0.1\n",
    "mlgps = MultiGPLVM(X=SX, Y=SY, cov_block_params = np.array(([noise_var, 1.0, lscale, lscale],)), \n",
    "                   bcm=True, block_centers=centers, test_cov=cov)"
   ]
  },
  {
   "cell_type": "code",
   "execution_count": 27,
   "metadata": {
    "collapsed": false
   },
   "outputs": [
    {
     "name": "stdout",
     "output_type": "stream",
     "text": [
      "-557.684466649\n",
      "[[  257.46289495   278.68160316]\n",
      " [  -84.84509835  -134.95428601]\n",
      " [ -300.94357966    57.55191219]\n",
      " [  204.69556726   488.74362757]\n",
      " [   96.29073947    20.11528082]\n",
      " [  179.92817661  -400.40845382]\n",
      " [ -104.89030029   313.39304723]\n",
      " [  105.21016121   -82.39805242]\n",
      " [ -216.17640112  -345.79354387]\n",
      " [ -172.21956352   178.11771485]\n",
      " [  144.29560261   114.52957775]\n",
      " [  119.87575735  -498.95170404]\n",
      " [ -517.63320446  -255.90394318]\n",
      " [  -94.66376744   148.82407497]\n",
      " [ -275.26041946  -178.5808985 ]\n",
      " [  251.18387208   136.14591684]\n",
      " [  -92.71178518   165.28588453]\n",
      " [  157.61036834   -17.60985175]\n",
      " [  386.62209024   -66.02270996]\n",
      " [ -295.97257474  -421.86280874]\n",
      " [   50.76262417   -88.28454075]\n",
      " [  -40.07861437  -272.19497474]\n",
      " [ -321.83265368  -412.85740578]\n",
      " [ -633.92927566   202.41177682]\n",
      " [  -20.14298835  -273.9985981 ]\n",
      " [  738.99860455   410.20915889]\n",
      " [  699.56816603   718.4469381 ]\n",
      " [   13.86090269    47.70467723]\n",
      " [   65.21638549   223.9119871 ]\n",
      " [  143.76466269   385.9912529 ]\n",
      " [  153.6043141   -426.41209825]\n",
      " [  477.70030096   310.39900408]\n",
      " [  -86.47106849  -279.55819552]\n",
      " [ -582.01773233   158.81342803]\n",
      " [ -109.31131588   -31.14668743]\n",
      " [  161.39601139  -247.87658386]\n",
      " [ -194.65569478   -94.53652358]\n",
      " [   88.42682312  -366.6582389 ]\n",
      " [  -40.23742483  -219.63359949]\n",
      " [  262.08730403   -85.49359264]\n",
      " [ -243.18416372    76.50194998]\n",
      " [  404.16738314   336.20195273]\n",
      " [   -7.46252288  -186.81780969]\n",
      " [ -349.63891943   223.40021799]\n",
      " [   41.64203206  -539.11878787]\n",
      " [  116.40252904   172.59387869]\n",
      " [  -57.89442557   132.59828154]\n",
      " [   65.81894305   334.07074865]\n",
      " [  288.02794362    12.90025239]\n",
      " [ -342.36919817   144.73913963]\n",
      " [  428.2930225   -100.66276159]\n",
      " [ -269.48453595    73.25888647]\n",
      " [  205.19459682   302.0368232 ]\n",
      " [ -164.94605404   -95.24646385]\n",
      " [ -154.52625836    31.62665902]\n",
      " [    2.9864265    187.39549336]\n",
      " [ -124.84539385   321.4647944 ]\n",
      " [  -95.36158732    64.04168869]\n",
      " [  166.48816018   173.45321913]\n",
      " [  -69.98272593    14.07727695]\n",
      " [ -130.50184355   167.29056266]\n",
      " [   31.70077718  -114.92150177]\n",
      " [  155.64937214   165.5404848 ]\n",
      " [ -158.01690716  -368.96340417]\n",
      " [  382.16394525  -149.25425999]\n",
      " [ -121.16926993    74.8717093 ]\n",
      " [   33.29504607    -9.70063022]\n",
      " [   17.27991159   140.31775649]\n",
      " [   18.04508895   -44.63299612]\n",
      " [  427.56618181  -374.09855556]\n",
      " [ -199.39369866   340.33591233]\n",
      " [ -553.89396818   344.03245573]\n",
      " [  -35.86408078  -516.88091104]\n",
      " [  -99.04361598  -105.77847353]\n",
      " [  111.98136777   134.13486165]\n",
      " [  245.79706093    55.33454336]\n",
      " [  293.97239542    41.18954427]\n",
      " [  236.64595066   178.22035164]\n",
      " [   37.33322971   115.18830707]\n",
      " [  415.23244381    63.87898641]\n",
      " [ -447.58938421   129.00432913]\n",
      " [  350.56090377  -164.88772447]\n",
      " [ -627.36674373   133.25515163]\n",
      " [ -288.55264483  -331.49687966]\n",
      " [   46.61222586  -102.79065821]\n",
      " [ -127.786582    -405.55603302]\n",
      " [   13.84380693  -240.05771158]\n",
      " [  238.84513737  -545.09592282]\n",
      " [  194.89894832  -217.63654419]\n",
      " [   34.63765266   189.39089904]\n",
      " [ -791.97056621  -455.46373991]\n",
      " [   34.84630891   -93.77630836]\n",
      " [ -104.11060048   -81.20937159]\n",
      " [  -96.58222527  -149.54302337]\n",
      " [  579.81467347   878.6207952 ]\n",
      " [  -35.244911    -183.86122604]\n",
      " [  -95.78331264   167.61525776]\n",
      " [ -206.18008175   150.95552378]\n",
      " [  -79.36266459  -252.49871721]\n",
      " [   43.535605      37.95859556]\n",
      " [ -183.71468395  -243.60757423]\n",
      " [  832.24907727   198.31029585]\n",
      " [   14.54170971   105.06947055]\n",
      " [  -64.22077545    35.62351322]\n",
      " [ -184.24842289    75.11698352]\n",
      " [ -191.83808663  -217.21939823]\n",
      " [ -323.25586087   286.50881779]\n",
      " [  203.08302787   611.81461683]\n",
      " [  104.7582175      6.09333625]\n",
      " [ -290.79273593  -196.03541995]\n",
      " [   80.93378472    -9.40228441]\n",
      " [  737.46126408   501.36978339]\n",
      " [  -34.47741309   148.54258788]\n",
      " [ -444.29388131  -280.70253475]\n",
      " [ -287.42097276   -71.7885506 ]\n",
      " [  173.6168083    -46.40182581]\n",
      " [ -381.4813106   -205.67135484]\n",
      " [ -115.44239881   293.91675434]\n",
      " [ -107.22219722  -447.33973879]\n",
      " [  555.80802152   147.99197028]\n",
      " [ -450.52989818  -213.41808627]\n",
      " [  203.3226708    108.41999577]\n",
      " [ -199.8063334     24.23045937]\n",
      " [    9.56563052  -664.86517644]\n",
      " [ -121.3878297   -104.46287692]\n",
      " [  -36.99483203   -93.16686797]\n",
      " [ -734.24865353   131.0970916 ]\n",
      " [   -6.31138489   -40.7288318 ]\n",
      " [  822.19904779   264.79697406]\n",
      " [  175.51270233  -294.54094202]\n",
      " [  163.64594245   841.82368988]\n",
      " [  177.21122232    93.0838822 ]\n",
      " [ -415.92966533    38.94354794]\n",
      " [ -138.39643695   204.5294456 ]\n",
      " [  459.07428171  -270.61884114]\n",
      " [  -21.71324217   643.71765364]\n",
      " [  -28.41665195   329.33889879]\n",
      " [  242.041396     100.02042725]\n",
      " [  305.56196158   -61.7397476 ]\n",
      " [ -206.89122587  -142.81050613]\n",
      " [  205.48043707   445.12091715]\n",
      " [  118.20614834  -298.65207592]\n",
      " [  -64.72407693    89.08963017]\n",
      " [ -126.68165581   440.29194176]\n",
      " [  -96.67096015    49.39058752]\n",
      " [ -183.7500035    261.1687564 ]\n",
      " [  149.98696409   -71.38047131]\n",
      " [  -44.14038782    68.05448976]\n",
      " [ -238.02284732   938.42375317]\n",
      " [   45.67089292  -813.45103367]\n",
      " [  103.24338018  -249.79378438]\n",
      " [   61.15681792   340.13176506]\n",
      " [ -128.77187304  -390.97376588]\n",
      " [   86.14574079   102.20144912]\n",
      " [  138.20362343  -390.70104323]\n",
      " [ -186.20062313   -46.43466622]\n",
      " [  -78.31993051   169.90253535]\n",
      " [  428.52518031  -461.14027504]\n",
      " [ -303.50944348  -225.8078959 ]\n",
      " [   36.33024722   164.2549649 ]\n",
      " [ -456.37282074  -626.45698306]\n",
      " [ -646.31291364   415.17753789]\n",
      " [  368.88293043  -185.55366368]\n",
      " [ -307.8192042    -56.33619768]\n",
      " [ -138.05135643  -104.16972685]\n",
      " [ -667.33553957    70.35471972]\n",
      " [  342.5179305     77.30017382]\n",
      " [ -175.87158125  -194.4837821 ]\n",
      " [  156.67872634   140.8828944 ]\n",
      " [ -822.79937346   543.11796932]\n",
      " [  -38.03193568    -6.03500917]\n",
      " [   52.88512524   -15.77938201]\n",
      " [  143.29711344  -340.54968528]\n",
      " [  -35.56939736   136.08265344]\n",
      " [  149.65186336   487.648118  ]\n",
      " [  283.23876646   505.92135694]\n",
      " [  314.08387156  -275.68877304]\n",
      " [ -146.57717222  -131.13623901]\n",
      " [  217.26165846  -155.71470566]\n",
      " [ -134.86591101  -355.71131598]\n",
      " [ -884.9099001    -14.05770535]\n",
      " [ -122.64005886   143.68723876]\n",
      " [ -160.1597708    463.54192206]\n",
      " [    8.1553703    -92.42450632]\n",
      " [ -416.56259727  -362.06950871]\n",
      " [  -61.77403933  -587.01450291]\n",
      " [  316.25275933    67.02071075]\n",
      " [  261.71683218  -111.41486487]\n",
      " [  265.8405778   1134.99946388]\n",
      " [  904.64952381   -93.42231065]\n",
      " [  216.20724217   206.39851463]\n",
      " [ -318.47302572  -257.83748814]\n",
      " [  114.82099065  -750.43074624]\n",
      " [  333.07325714   -86.86303856]\n",
      " [  222.02150823   358.82575697]\n",
      " [   -9.05947107  -118.50796955]\n",
      " [ -121.4032702     63.04274007]\n",
      " [   28.37016415  -340.7064585 ]\n",
      " [ -183.60967028   -34.47893342]\n",
      " [  224.66145243    53.02773716]\n",
      " [ -423.78661247   -19.05297254]\n",
      " [  505.02606116   214.54458498]\n",
      " [   72.65381106    47.7424005 ]\n",
      " [ -151.04669358  -354.86301684]\n",
      " [  688.94667349   -29.86508539]\n",
      " [ -161.4025462    356.12436262]\n",
      " [ -125.93313589   557.27668267]\n",
      " [  -99.04645358   175.39722567]\n",
      " [  -51.08124035   266.58818753]\n",
      " [    4.02751343  -416.22338641]\n",
      " [  124.64342212  -314.61333886]\n",
      " [ -155.61078567  -329.05401404]\n",
      " [ -301.85226716   -87.29043548]\n",
      " [ -112.15421763   197.04603392]\n",
      " [  444.70733861  -134.85592499]\n",
      " [  -58.2668623     59.53950314]\n",
      " [  -92.25561488   375.05990597]\n",
      " [ -181.54100233  -516.59727398]\n",
      " [  -57.88591818   -37.14369949]\n",
      " [ -210.70881817   -96.88639239]\n",
      " [  137.67553545  -239.43314342]\n",
      " [  157.47231226  -356.0372576 ]\n",
      " [  462.07842044   234.63981332]\n",
      " [  329.07255037   262.27998817]\n",
      " [  132.13942973     6.68671571]\n",
      " [ -321.30187583   -60.52843334]\n",
      " [  -78.0407232    -24.69694679]\n",
      " [ -135.80577318    94.14984152]\n",
      " [  -34.44552506  -312.44491416]\n",
      " [  229.03616615  -294.60980072]\n",
      " [  -25.19747219    29.00291412]\n",
      " [   85.85723362    -7.50861436]\n",
      " [ -278.37826476   209.59620489]\n",
      " [  498.06917545   324.85976088]\n",
      " [ -580.41791075  -387.16190623]\n",
      " [  283.82611259   123.8771618 ]\n",
      " [  160.49023538    54.89080373]\n",
      " [  477.79692292   256.18481904]\n",
      " [  -50.39372257  -292.13757011]\n",
      " [  167.32107572   491.40786622]\n",
      " [ -619.03750573    39.14966712]\n",
      " [  226.60343586  -416.00657659]\n",
      " [ -163.89260561    41.14507165]\n",
      " [ -144.25043342  -271.98202215]\n",
      " [  112.46400421  -116.18989602]\n",
      " [  328.56964568   213.30561234]\n",
      " [  827.17779167   360.44578325]\n",
      " [ -294.04781635   704.11887482]\n",
      " [ -937.74997638  -525.29160861]\n",
      " [  137.60387315  -275.56647067]\n",
      " [  281.25293052  -217.61135736]\n",
      " [ -423.21543989  -266.49862781]\n",
      " [ -357.41188493   788.08535255]\n",
      " [   14.86541499   -13.03175246]\n",
      " [  342.51818149  -262.57430666]\n",
      " [  215.30088739  -214.03391301]\n",
      " [  477.35659356   654.80686627]\n",
      " [  -87.71109683  -642.6530156 ]\n",
      " [ -212.15230259   -45.732317  ]\n",
      " [ -446.26945187   144.19978501]\n",
      " [  688.0323173   -335.01587532]\n",
      " [ -119.48084557   -23.515833  ]\n",
      " [ -407.72053227   110.08807219]\n",
      " [  240.47124131  -736.26144497]\n",
      " [ -993.80384743   390.57925507]\n",
      " [ 1017.84942537  -247.36636305]\n",
      " [  -77.27160283  -554.50828923]\n",
      " [  -21.17709929  -249.79613663]\n",
      " [   32.97448218  -122.48917998]\n",
      " [  -47.56768436   -33.57923157]\n",
      " [ -414.91595671   163.54180515]\n",
      " [ -251.53578949   232.18906567]\n",
      " [   72.91494973  -274.99966067]\n",
      " [  202.680555    -730.7560268 ]\n",
      " [  230.00925028    46.95113877]\n",
      " [  108.71841937    82.49057311]\n",
      " [  -22.63067656  -192.30428064]\n",
      " [  120.47528425   -75.18275478]\n",
      " [ -441.31488909    72.76298225]\n",
      " [  453.86325662   302.06949453]\n",
      " [  -39.8078841   -245.25953715]\n",
      " [  371.71838636   155.93868789]\n",
      " [ -289.03998067   219.83750653]\n",
      " [  225.72027155    46.66767079]\n",
      " [ -144.49198236   253.1038795 ]\n",
      " [  -67.15972132   143.71330684]\n",
      " [ -417.56509272  1181.0862576 ]\n",
      " [   37.48769807  -224.35204206]\n",
      " [  108.12813798  -392.18008252]\n",
      " [   84.33334468   -80.30701183]\n",
      " [   40.59827066  -232.39803662]\n",
      " [   30.16560425   240.51499918]\n",
      " [ -390.67655344   388.96347136]\n",
      " [  146.857495    -270.88568126]\n",
      " [ -108.51085674   264.79561533]\n",
      " [  267.48702393  -272.79057157]\n",
      " [ -153.47336123   -82.80564656]\n",
      " [   48.81126497  -159.25703247]\n",
      " [  219.90058213   501.59382655]\n",
      " [   79.39526254    91.8937891 ]\n",
      " [ -551.11119719   265.83589539]\n",
      " [ -461.73277456  -812.02773943]\n",
      " [  -60.46693841  -118.31117726]\n",
      " [   33.35372655    78.83592966]\n",
      " [ -453.70317123  -243.19964953]\n",
      " [   62.74290832   -59.74045683]\n",
      " [ -375.17558476   290.13303923]\n",
      " [  716.21389138   733.43650634]\n",
      " [  -48.51684927   106.01484186]\n",
      " [   35.60283289   227.19738872]\n",
      " [  207.90765027  -108.81495086]\n",
      " [  201.14813264   427.28530685]\n",
      " [  106.61748148    56.37116057]\n",
      " [  200.44098463  -135.09217025]\n",
      " [   39.15074191  -117.37820199]\n",
      " [ -469.15004236   -45.17195535]\n",
      " [  230.47869734   -82.51498262]\n",
      " [  -33.9117175    -11.93041097]\n",
      " [  -29.93101677  -134.11023658]\n",
      " [ -209.15861223   105.57240886]\n",
      " [  351.05960441   381.89226394]\n",
      " [  350.07879513  -159.14157169]\n",
      " [ -414.70348022  -201.39271863]\n",
      " [  114.07935259   395.98439942]\n",
      " [ -366.31096844   370.97505286]\n",
      " [  586.62792164    68.08651966]\n",
      " [   88.35543265  -485.96750148]\n",
      " [ -559.81029175    11.31205253]\n",
      " [  474.42455325   394.52856139]\n",
      " [  348.43120411  -556.96532771]\n",
      " [ -100.30345729   266.16567723]\n",
      " [  439.42820426   -99.07251109]\n",
      " [  436.30414207   -77.00320638]\n",
      " [   27.48238454     7.34915671]\n",
      " [ -159.14944156  -724.9184536 ]\n",
      " [ -237.43890859   617.09518833]\n",
      " [ -342.99152551   -78.2396452 ]\n",
      " [   32.37313444    20.77478012]\n",
      " [   -6.87265345  -118.13225183]\n",
      " [ -530.23767127   146.00472416]\n",
      " [ -246.81014399   211.9692659 ]\n",
      " [ -214.56889171   203.05611593]\n",
      " [  319.40786244   -36.5555837 ]\n",
      " [  362.2352454   -626.59747083]\n",
      " [  -22.39765404   -44.53652968]\n",
      " [  178.89915339  -140.18390297]\n",
      " [   -7.1602195    192.65419556]\n",
      " [ -343.61135984  -154.75639184]\n",
      " [  631.91313014   212.58916782]\n",
      " [ -221.56653484  -169.24106936]\n",
      " [  123.00885165   -59.20931069]\n",
      " [  437.22759168  -265.63529895]\n",
      " [  -18.97245117  -109.97653273]\n",
      " [  220.37786534   290.72592978]\n",
      " [  208.41788786    22.01605929]\n",
      " [  540.80270737    25.85749709]\n",
      " [ -239.37345468    64.59013569]\n",
      " [ -380.73153442    83.707705  ]\n",
      " [ -244.03721139   -69.274124  ]\n",
      " [  119.5017439   -212.11695659]\n",
      " [ -677.43464117  -199.6102379 ]\n",
      " [  148.56609021  -177.74704762]\n",
      " [ -362.82537758   139.07693254]\n",
      " [   32.8296006    -98.58281038]\n",
      " [ -117.02773143    78.71203734]\n",
      " [  -50.1275908    175.9097458 ]\n",
      " [ -171.68802922     9.17031037]\n",
      " [ -170.49606641  -229.27861325]\n",
      " [  461.71604801  -159.20321087]\n",
      " [    9.29293502  -275.01461082]\n",
      " [   52.86421341   229.87129136]\n",
      " [  370.52503801   -85.06883037]\n",
      " [  196.17752777   180.87554652]\n",
      " [ -271.34901607   263.63969522]\n",
      " [  126.69317583     4.5923824 ]\n",
      " [   68.7032775   -301.52538769]\n",
      " [ -289.9694054    675.4027502 ]\n",
      " [  111.95267907  -651.45995841]\n",
      " [ -121.45602536    15.85991513]\n",
      " [  195.38725637   364.90865537]\n",
      " [   53.29430531  -241.2250073 ]\n",
      " [  -69.61419089   302.97997742]\n",
      " [   34.61107873   -67.41780116]\n",
      " [ -175.49053558    35.8530213 ]\n",
      " [ -680.45477243   142.64826989]\n",
      " [  492.2587278    239.41916307]\n",
      " [  435.79564389   -94.45482509]\n",
      " [  697.77627489   -83.91733836]\n",
      " [  -65.95597519   -46.62336771]\n",
      " [  100.42157517  -165.79140447]\n",
      " [ -129.23989288   258.21234199]\n",
      " [   -4.13188311   354.98998774]\n",
      " [-1391.41703153    63.90351679]\n",
      " [ -469.30355638   -33.42590668]\n",
      " [   15.22774977    26.38590537]\n",
      " [  -45.13029031   251.19422937]\n",
      " [  719.4941286   -101.45669436]\n",
      " [ -103.27525588  -268.65616898]\n",
      " [   73.13029591  -338.10745051]\n",
      " [ -326.74358768    15.9980099 ]]\n"
     ]
    }
   ],
   "source": [
    "print mlgps.likelihood()\n",
    "print mlgps.llgrad_X()"
   ]
  },
  {
   "cell_type": "code",
   "execution_count": 14,
   "metadata": {
    "collapsed": false
   },
   "outputs": [
    {
     "name": "stdout",
     "output_type": "stream",
     "text": [
      "-7.44073098458\n",
      "[[ 0.14675589  0.09233859]\n",
      " [ 0.14038694  0.19810149]\n",
      " [ 0.08504421  0.03905478]\n",
      " [ 0.17234051  0.13713575]\n",
      " [ 0.01988013  0.02621099]\n",
      " [ 0.02830649  0.24621107]\n",
      " [ 0.05991769  0.12134346]\n",
      " [ 0.04455188  0.10749413]\n",
      " [ 0.15679139  0.0185762 ]\n",
      " [ 0.01395157  0.23436209]\n",
      " [ 0.17395567  0.12632952]\n",
      " [ 0.23366614  0.10196726]\n",
      " [ 0.14342305  0.0783869 ]\n",
      " [ 0.01833264  0.066725  ]\n",
      " [ 0.14555823  0.15773007]\n",
      " [ 0.24985068  0.17343017]\n",
      " [ 0.08748221  0.22730974]\n",
      " [ 0.0569644   0.22881367]\n",
      " [ 0.0935771   0.06537172]\n",
      " [ 0.13766274  0.01088873]\n",
      " [ 0.21411214  0.19894792]\n",
      " [ 0.02662788  0.11092037]\n",
      " [ 0.08052953  0.23170231]\n",
      " [ 0.15983365  0.20260213]\n",
      " [ 0.20645406  0.07618881]\n",
      " [ 0.12076718  0.22028399]\n",
      " [ 0.1443154   0.01409229]]\n"
     ]
    }
   ],
   "source": [
    "print mlgps.lgps[0].gps[0].log_likelihood()\n",
    "print mlgps.lgps[0].gps[0].X"
   ]
  },
  {
   "cell_type": "code",
   "execution_count": 15,
   "metadata": {
    "collapsed": false
   },
   "outputs": [
    {
     "name": "stdout",
     "output_type": "stream",
     "text": [
      "(-33.180889277311842, array([], dtype=float64))\n",
      "[[  4.17022005e-01   7.20324493e-01]\n",
      " [  1.14374817e-04   3.02332573e-01]\n",
      " [  1.46755891e-01   9.23385948e-02]\n",
      " [  1.86260211e-01   3.45560727e-01]\n",
      " [  3.96767474e-01   5.38816734e-01]\n",
      " [  4.19194514e-01   6.85219500e-01]\n",
      " [  2.04452250e-01   8.78117436e-01]\n",
      " [  2.73875932e-02   6.70467510e-01]\n",
      " [  4.17304802e-01   5.58689828e-01]\n",
      " [  1.40386939e-01   1.98101489e-01]\n",
      " [  8.00744569e-01   9.68261576e-01]\n",
      " [  3.13424178e-01   6.92322616e-01]\n",
      " [  8.76389152e-01   8.94606664e-01]\n",
      " [  8.50442114e-02   3.90547832e-02]\n",
      " [  1.69830420e-01   8.78142503e-01]\n",
      " [  9.83468338e-02   4.21107625e-01]\n",
      " [  9.57889530e-01   5.33165285e-01]\n",
      " [  6.91877114e-01   3.15515631e-01]\n",
      " [  6.86500928e-01   8.34625672e-01]\n",
      " [  1.82882773e-02   7.50144315e-01]\n",
      " [  9.88861089e-01   7.48165654e-01]\n",
      " [  2.80443992e-01   7.89279328e-01]\n",
      " [  1.03226007e-01   4.47893526e-01]\n",
      " [  9.08595503e-01   2.93614148e-01]\n",
      " [  2.87775339e-01   1.30028572e-01]\n",
      " [  1.93669579e-02   6.78835533e-01]\n",
      " [  2.11628116e-01   2.65546659e-01]]\n"
     ]
    }
   ],
   "source": [
    "print mbcm.llgrad_unary(0)\n",
    "i_start, i_end = mbcm.block_boundaries[0]\n",
    "print mbcm.X[i_start:i_end, :]"
   ]
  },
  {
   "cell_type": "code",
   "execution_count": 11,
   "metadata": {
    "collapsed": false
   },
   "outputs": [
    {
     "name": "stdout",
     "output_type": "stream",
     "text": [
      "[  3.96777715e+02   1.90332372e+02  -9.39526686e+01   6.81998813e-01\n",
      "  -2.88786495e+02   4.97046457e+01   1.46224305e+02   4.08451234e+02\n",
      "   1.02764888e+02   1.17450512e+01  -2.67354878e+01  -5.70615626e+01\n",
      "  -1.46210343e+02   2.80372002e+02   1.26232220e+02  -8.74668288e+01\n",
      "  -2.38314573e+02  -4.84558332e+02  -1.13487114e+02  -4.79737565e+00\n",
      "   1.78696973e+02  -4.00912938e+00  -1.66220252e+02   1.35212339e+02\n",
      "  -5.95530588e+02  -3.28017396e+02  -9.44813848e+01   1.37684682e+02\n",
