msll 2.875397
smse: 0.002058

mse: 0.164025
mean_ad: 0.187260
median_ad: 0.090524
model lp -2354.130563
